0,011622
0,006986
0,022441
0,056332
0,118479
0,210298
0,369916
0,502020
0,950539
1,394439
2,351680
3,266656
10,349902
14,743272
20,830850
27,627870
39,726502
38,326806
44,681668
60,679125
0,000768
0,002839
0,012238
0,031123
0,088324
0,108146
0,220525
0,283178
0,580709
0,962589
1,336320
2,316769
6,018046
7,786272
11,012343
13,553712
18,087778
22,398657
25,893906
32,702762
0,000938
0,003211
0,009468
0,025471
0,044943
0,079694
0,117247
0,183186
0,645850
1,510963
2,373313
3,355247
4,944465
6,518874
8,946950
10,665604
12,548538
15,552362
19,138025
23,722869
