0.011745
0.007257
0.024300
0.051542
0.110257
0.173272
0.340374
0.468633
0.727146
1.196375
1.660663
2.498729
9.078712
13.216000
17.319995
24.438448
32.730194
34.817150
43.606587
59.186874
0.000754
0.001896
0.011412
0.028059
0.075860
0.107287
0.203742
0.269550
0.461761
0.761197
1.157454
1.727360
5.672270
7.836700
11.513782
13.382906
17.740267
21.532651
25.077949
31.299426
0.000830
0.002278
0.007971
0.017984
0.047462
0.073600
0.140711
0.204602
0.574970
1.343045
2.169141
2.912251
4.946065
6.650903
8.503442
10.647416
12.697440
16.133149
19.706045
23.334108
