0.010531
0.004217
0.017949
0.047909
0.113414
0.164891
0.320472
0.415011
0.745625
1.017709
1.383059
2.058610
9.150441
12.988019
17.913098
23.673235
35.380163
36.145382
43.432734
58.627039
0.000690
0.001751
0.010398
0.028243
0.061981
0.095037
0.202501
0.282134
0.558454
0.827196
1.121079
1.872021
5.587452
7.956659
11.105141
13.708031
17.893133
21.432491
25.281537
30.923251
0.000982
0.002600
0.011217
0.026107
0.058215
0.098681
0.141974
0.204589
0.637941
1.081180
1.849012
2.351638
4.969267
6.716855
8.666216
10.985766
13.247882
16.440579
19.950248
22.558368
