0.011815
0.005050
0.023497
0.054683
0.109570
0.178707
0.306812
0.445632
0.771111
1.128278
1.447530
2.150385
9.184025
13.625618
18.193282
23.734030
32.572721
36.165820
43.632473
58.999021
0.000802
0.003483
0.012893
0.032983
0.067141
0.122958
0.188990
0.284130
0.581331
0.904264
1.224854
1.904449
5.710048
7.812747
11.308689
12.698673
17.844604
21.321324
24.660869
31.213871
0.000990
0.003215
0.010846
0.027236
0.041373
0.106631
0.128819
0.210740
0.613210
1.104522
1.856867
2.357561
4.743387
6.465270
8.741674
11.709914
13.561457
16.083504
19.774475
21.857758
