0.011460
0.005472
0.018849
0.048266
0.093256
0.168337
0.326955
0.483193
0.768748
1.192077
1.664890
2.698046
9.355014
14.272922
19.022367
24.542629
31.037228
36.805232
42.464654
58.633243
0.000739
0.002928
0.010471
0.025161
0.053127
0.100695
0.182533
0.267793
0.522346
0.813600
1.130396
1.663478
5.620511
7.479056
11.259074
13.511492
17.984297
21.861309
25.837211
32.389073
0.000949
0.002790
0.010178
0.025750
0.052108
0.086615
0.131640
0.222502
0.594461
1.043043
1.912780
2.376831
4.807082
6.515358
8.581187
10.799436
13.118534
15.784477
19.348673
22.400051
