0,013071
0,005108
0,020925
0,054997
0,118387
0,171952
0,291994
0,429351
0,630364
1,025127
1,552211
2,194220
8,824775
13,101201
18,127042
23,369923
32,908786
35,643245
42,835059
59,914004
0,000780
0,002951
0,011706
0,027356
0,051587
0,109100
0,197535
0,284205
0,532664
0,743207
1,135671
1,734796
5,163896
7,386072
10,645867
12,734516
16,962446
21,538007
24,760393
30,211859
0,000965
0,003110
0,011154
0,026483
0,056475
0,087808
0,132186
0,217768
0,591351
1,096108
1,641723
2,322859
4,749522
6,375835
8,216443
10,760879
12,731017
15,642880
19,906358
23,162459
