0,011205
0,006658
0,020084
0,049662
0,122733
0,176716
0,330076
0,417444
0,628913
1,053463
1,314661
1,938280
8,833694
13,209934
17,593426
22,802936
31,259361
34,968528
43,592224
61,729787
0,000793
0,003335
0,011667
0,027500
0,068350
0,101833
0,206228
0,284980
0,596707
0,931452
1,238762
2,153999
5,692304
7,715610
11,468094
13,960288
18,380648
21,814792
26,979682
32,936102
0,001045
0,003382
0,011997
0,028950
0,041750
0,074469
0,113467
0,199344
0,606357
1,477965
2,442180
3,362424
4,857281
6,501188
8,421274
10,600622
12,510529
15,778812
19,150736
21,978400
