0,010686
0,005085
0,017922
0,054649
0,093914
0,184226
0,301919
0,412108
0,681743
0,944510
1,367143
2,031253
8,672498
13,467815
17,587804
23,680025
30,489212
35,931134
42,509008
60,253811
0,000944
0,003683
0,013254
0,031428
0,065484
0,101164
0,190124
0,262113
0,539189
0,763769
1,080337
1,749274
5,530749
7,407627
10,965843
13,028883
17,599042
21,318841
24,954729
31,595091
0,000961
0,003284
0,007615
0,027422
0,057796
0,065930
0,112253
0,189865
0,636095
1,509579
2,218263
2,994789
4,933618
6,520870
8,529839
10,640502
12,890382
15,674367
19,468739
22,313887
