0.010287
0.005697
0.020930
0.047811
0.113337
0.170974
0.305766
0.428796
0.720349
1.059042
1.513370
2.271694
8.806926
13.554004
17.760129
23.829165
32.405976
35.917269
42.897681
57.922490
0.000792
0.003544
0.013226
0.028387
0.073219
0.097801
0.191357
0.285865
0.573117
0.823945
1.066159
1.907388
5.462749
7.586821
10.871071
13.149634
17.511483
21.153299
24.505118
31.094754
0.000923
0.002822
0.012242
0.026211
0.058586
0.088304
0.144880
0.218356
0.613649
1.026024
1.756312
2.345648
4.751004
6.485455
8.698099
10.767211
12.794825
16.257540
19.818950
22.684260
