0.014665
0.004341
0.019382
0.044446
0.116675
0.174899
0.290803
0.418589
0.847880
0.914452
1.284235
2.083345
8.756618
14.364188
17.850359
23.202919
31.632186
36.751674
46.777004
59.506389
0.000789
0.003180
0.013404
0.028062
0.068194
0.107501
0.193783
0.287992
0.586331
0.855344
1.145031
1.788150
5.914967
7.783099
11.638536
13.666107
19.256017
22.213072
25.819228
32.419646
0.000944
0.002704
0.012893
0.026077
0.064429
0.089580
0.159457
0.187669
0.573496
1.340643
2.401303
3.158464
4.986512
6.555144
8.648023
10.648370
12.687752
16.145322
19.566598
22.870510
